01001000100000000000000000
10000100010000000000000000
01001000000000000000001000
10000100000000000000000100
00101000100000100000000000
10000010010000010000000000
00101000000000100000000010
10000010000000010000000001
00011000100000101000000000
10000001010000010100000000
00101000000000100000000001
10000010000000010000000010
00100001010000100100000000
00010010100000011000000000
01001000000000000000000100
10000100000000000000001000
01000010010000010000000000
00100100100000100000000000
01000010000000010000000010
00100100000000100000000001
01000010000000010000000001
00100100000000100000000010
01000001010000010100000000
00010100100000101000000000
