01001000100010000000000000
10000100010001000000000000
01001000000010000000001000
10000100000001000000000100
00101000100010100000000000
10000010010001010000000000
00101000000010100000000010
10000010000001010000000001
00011000100010101000000000
10000001010001010100000000
00101000000010100000000001
10000010000001010000000010
00100001010010100100000000
00010010100001011000000000
01001000000010000000000100
10000100000001000000001000
01000010010010010000000000
00100100100001100000000000
01000010000010010000000010
00100100000001100000000001
00010010100010011000000000
00100001010001100100000000
01000010000010010000000001
00100100000001100000000010
01000001010010010100000000
00010100100001101000000000